1000
54831
76418
57391
58530
48009
53988
60817
36476
18316
84352
20598
51505
32702
79484
46431
55168
5646
32180
94377
51172
98419
51768
80007
98249
54703
9894
92429
8254
85688
92880
57339
56039
13823
79415
76577
23784
35177
19310
69144
35909
30270
68698
78130
90713
39709
38514
37071
37463
88333
6606
88363
23082
38404
74854
83088
22361
33210
95159
20092
5818
60028
15732
61013
19128
2723
21903
44994
9426
38499
38984
78150
82757
11759
84329
90323
19032
66110
82039
30405
18771
896
77743
69168
71016
83925
91400
30578
77711
80667
44919
5199
64950
17250
7568
62069
27304
39725
88453
91505
77781
56176
87976
14833
49362
94550
99024
7874
8757
95116
50448
74720
51057
80885
98046
47564
79727
90950
33571
76181
1975
61406
81772
42043
58550
99172
35361
68148
53120
80606
22132
9402
9585
65598
93515
69599
34177
13436
93616
74182
99968
46006
66437
14929
12947
18048
820
34679
83815
61492
23168
22741
48149
38931
45915
55967
49268
90429
7437
76180
22740
67318
45759
85106
24946
62067
94324
80
42076
79222
26844
18605
50131
79964
9683
12026
12204
14775
69352
70421
72531
98228
44920
21097
61451
45751
59715
56940
44255
63161
44594
52609
31199
9696
22294
91742
83094
51426
21592
74176
83096
47854
96640
54925
51666
21121
45704
14023
51504
36689
45870
10193
38109
13481
82390
20002
66434
44234
11293
31691
41976
49636
60544
58938
75657
22739
39549
70394
41402
10077
97399
10280
97990
73090
87541
27059
79181
69586
85766
11449
21533
26242
35563
8636
5437
77255
73153
98790
4364
45171
24535
39054
129
77205
5322
26755
37212
300
66469
99403
62835
2374
25454
80390
96170
6965
2352
73289
1210
91492
72400
59021
80466
50122
79841
79666
40655
88853
85516
72186
36955
7903
14785
65777
70947
11915
56517
7341
40519
37445
45170
79362
14922
89503
113
48
55729
24465
50732
86326
22790
62522
47189
43306
14920
57523
4602
51910
82357
28664
79874
36223
15514
68999
11403
51460
27434
52957
90433
50304
58020
47997
72024
17385
46646
2626
14018
13924
45791
55844
70949
61511
68880
78517
95129
12703
55346
10904
41293
11065
17150
35961
29370
56711
78075
40218
81232
5308
2317
930
59007
98668
13406
93669
54271
33030
47835
86709
61897
41770
84950
68300
99820
26997
70836
53362
99256
38925
91342
40617
84738
6567
27838
76786
83946
9114
42778
12474
53586
53581
55686
60476
80522
96701
37223
36978
19966
729
25702
80330
43888
18556
26803
20260
83984
72095
90285
50539
49887
47589
89965
68184
40345
19064
72884
99808
6147
52554
16736
2694
41562
45575
28290
26221
97991
57462
19051
39311
96202
77509
67673
10960
83618
43264
99696
15502
28970
64678
49311
47120
84465
89137
10114
17916
62577
50873
5513
99575
93701
84574
90206
75127
19485
15195
32680
52937
81391
18025
9474
75040
51203
70808
91074
8463
25441
85240
25169
99246
23873
53730
90016
91466
84690
83052
38414
31888
52063
68558
4091
48862
40814
70242
55504
37605
76928
16221
33166
33149
67309
39119
25317
23437
94772
37942
14825
35327
31830
80617
44378
22804
74307
35748
82147
77833
61269
26717
40782
27238
48058
31093
54748
15394
27308
57509
68218
63114
48183
72048
18786
31405
51452
65415
91916
83958
69171
69356
33379
76816
23034
68360
23584
71246
98345
64965
20239
18271
21420
51946
81935
94085
73592
480
11741
41043
35204
76439
86803
75598
28840
86232
32257
36948
76169
93190
1152
48230
20563
43913
30789
35314
47531
89729
55643
52520
11838
43730
4970
97523
17685
40177
98728
64380
35511
51225
10465
10809
32769
86207
43930
19846
76630
18403
18070
7334
89904
84179
63562
36187
7648
22325
64206
96129
31281
45891
90411
13995
13812
25404
75140
44151
22404
49098
22152
25850
78093
93548
27205
11439
33422
46467
46105
44521
60113
83937
24360
19705
6194
99193
77132
2178
10691
52418
97871
75153
62320
15674
34928
93106
66155
22766
73956
57659
94569
61839
61650
85241
41886
17036
74678
30467
54500
16179
3096
17550
54983
67536
19625
90389
72073
95693
31112
74074
35937
58871
56619
90185
22308
72329
48279
91340
93011
77880
61792
18393
47588
31661
98521
93548
12943
11811
66421
66315
6971
64684
13040
49360
51746
36453
42220
69979
3808
27744
61128
16779
16458
57304
5572
26623
27237
30673
76241
36618
91120
51989
48526
981
1723
58904
54189
13389
62920
67892
26921
38867
91719
55899
86296
64853
53835
9780
19809
37449
24816
26712
81011
70195
65494
85312
15964
82587
645
77150
32023
29148
54985
49715
12078
46602
19580
84777
46502
43483
35852
34141
78529
27636
46276
59943
74983
10119
70732
37487
96169
80077
14651
60153
3959
73099
96144
73271
5131
33829
48757
41856
88329
60337
91016
37879
11554
12487
17120
10941
49617
70036
6959
90195
8656
94056
25518
11304
25170
25637
75299
71762
75519
96271
63366
31380
14575
66141
58300
57808
71866
17542
61542
16704
72830
14023
47085
9453
34563
2237
54818
3237
91487
77099
87752
15258
58192
3680
36687
13218
79231
16502
6114
40363
21364
18232
85702
7598
41392
33767
63992
26471
99272
9536
29857
50483
74948
70636
62057
5559
78340
78359
18640
79610
42226
99189
26955
59655
59468
81108
50144
21676
77613
19585
82511
9065
33279
2505
92516
30552
67791
63282
56733
31981
44956
72732
52461
30694
83476
53312
62465
15539
71212
13061
31644
58328
3898
27731
58755
32404
23361
51317
34134
11805
33139
21715
3640
39125
1568
18476
62021
95418
82480
80485
78142
40617
39724
34562
19904
5138
2722
69496
65164
56563
68685
51113
94095
52486
16638
63238
2876
25983
88619
66833
49439
14593
56281
56016
58762
95884
76735
20192
89919
9701
27175
29640
28325
40507
31301
62287
26849
70834
60084
68529
59100
27740
84001
46669
63061
87337
87909
63015
39172
38170
64483
59860
60023
19722
26054
11125
54620
65511
71394
99970
70434
16862
17469
94160
16531
65527
37422
7178
68409
53879
18678
85149
4165
26584
60493
47863
40913
77342
19203
75743
60182
40425
27898
60745
82121
69189
35119
57042
34112
20344
51846
75336
63294
13216
3320
75505
28124
90622
59735
5141
59914
46465
62195
39425
1941
21707
76842
10233
10957
12166
62156
45361
52672
44624
87382
62387
82040
7382
81739
59959
86731
60294
7783
86957
91975
85263
57128
39651
84147
24393
48960
83063
3008
64327
69601